Date,Building,Electricity_kWh,Water_Liters,Waste_kg,Carbon_kgCO2e,Solar_kWh,Rainwater_Liters,Temperature_C,Humidity_%
2026-06-01,Engineering Hall,1319,12125,343,817.8,265,2707,34.3,84
2026-06-01,Central Library,1634,14885,199,1013.1,418,567,35.5,50
2026-06-01,Science Complex,1728,12869,255,1071.4,500,1519,35.0,81
2026-06-01,Student Union,1451,17284,193,899.6,220,1734,34.5,71
2026-06-01,Innovation Tower,1738,8341,348,1077.6,434,1260,38.0,69
2026-06-02,Engineering Hall,1108,14674,445,687.0,533,2939,33.4,75
2026-06-02,Central Library,1445,15497,328,895.9,387,2239,33.3,81
2026-06-02,Science Complex,1636,16086,128,1014.3,318,1413,36.2,60
2026-06-02,Student Union,1765,14952,328,1094.3,333,991,38.5,47
2026-06-02,Innovation Tower,1670,13928,384,1035.4,646,2780,32.4,49
2026-06-03,Engineering Hall,1491,9129,416,924.4,544,2810,38.5,85
2026-06-03,Central Library,974,17131,218,603.9,159,1527,30.7,78
2026-06-03,Science Complex,1124,16224,315,696.9,390,1610,30.6,59
2026-06-03,Student Union,1531,17773,205,949.2,242,1165,34.2,82
2026-06-03,Innovation Tower,1130,14538,217,700.6,321,2175,35.7,65
2026-06-04,Engineering Hall,1762,9285,406,1092.4,501,1975,32.2,58
2026-06-04,Central Library,919,17622,235,569.8,440,652,33.5,67
2026-06-04,Science Complex,1197,10677,420,742.1,542,2744,35.0,79
2026-06-04,Student Union,1350,12720,262,837.0,352,2750,35.6,78
2026-06-04,Innovation Tower,1363,14380,150,845.1,166,2607,31.1,55
2026-06-05,Engineering Hall,1578,10010,123,978.4,334,2090,35.4,57
2026-06-05,Central Library,1245,16139,420,771.9,331,1261,28.9,51
2026-06-05,Science Complex,1589,14171,132,985.2,383,956,32.7,69
2026-06-05,Student Union,1642,8228,136,1018.0,322,1301,29.7,83
2026-06-05,Innovation Tower,1561,11719,353,967.8,581,2607,30.5,59
2026-06-06,Engineering Hall,1747,8766,369,1083.1,457,1435,37.1,67
2026-06-06,Central Library,939,9350,305,582.2,218,1664,38.7,80
2026-06-06,Science Complex,1464,10816,164,907.7,467,2916,34.6,55
2026-06-06,Student Union,950,13625,291,589.0,187,2358,34.8,68
2026-06-06,Innovation Tower,1216,14379,420,753.9,504,1373,28.2,85
2026-06-07,Engineering Hall,1283,8542,443,795.5,310,2244,31.0,60
2026-06-07,Central Library,1293,11128,185,801.7,505,1699,30.4,66
2026-06-07,Science Complex,1465,16514,363,908.3,229,2116,35.2,79
2026-06-07,Student Union,909,9684,312,563.6,256,1413,33.4,85
2026-06-07,Innovation Tower,1024,17900,290,634.9,198,1996,28.7,66
2026-06-08,Engineering Hall,911,13891,400,564.8,296,2512,28.1,79
2026-06-08,Central Library,1272,11986,354,788.6,152,1786,34.7,56
2026-06-08,Science Complex,1483,12666,390,919.5,373,2362,33.9,66
2026-06-08,Student Union,1116,10047,289,691.9,354,2268,32.9,63
2026-06-08,Innovation Tower,1489,10442,140,923.2,593,533,34.5,65
2026-06-09,Engineering Hall,1092,14309,365,677.0,183,2686,29.2,47
2026-06-09,Central Library,913,11980,301,566.1,639,1134,30.7,81
2026-06-09,Science Complex,1102,15312,426,683.2,463,2630,32.7,84
2026-06-09,Student Union,1110,17633,289,688.2,481,2233,38.1,67
2026-06-09,Innovation Tower,1412,12390,330,875.4,497,674,36.8,53
2026-06-10,Engineering Hall,1082,16299,181,670.8,524,2549,35.1,83
2026-06-10,Central Library,927,8317,189,574.7,353,1154,34.9,50
2026-06-10,Science Complex,950,17454,120,589.0,524,2357,32.0,56
2026-06-10,Student Union,955,11301,428,592.1,453,1895,38.7,79
2026-06-10,Innovation Tower,1671,15125,247,1036.0,555,2624,31.9,62
2026-06-11,Engineering Hall,1700,8119,282,1054.0,590,592,34.7,53
2026-06-11,Central Library,940,13090,219,582.8,597,953,32.6,81
2026-06-11,Science Complex,1705,9888,135,1057.1,226,2138,33.1,54
2026-06-11,Student Union,1719,11594,291,1065.8,649,545,34.6,54
2026-06-11,Innovation Tower,1305,11621,367,809.1,604,1165,29.6,75
2026-06-12,Engineering Hall,900,8420,135,558.0,269,956,38.9,56
2026-06-12,Central Library,1351,32000,198,837.6,223,2499,28.4,85
2026-06-12,Science Complex,1298,10246,182,804.8,247,2382,29.7,50
2026-06-12,Student Union,1717,10744,132,1064.5,363,1966,32.4,54
2026-06-12,Innovation Tower,1083,16004,381,671.5,227,2237,35.0,55
2026-06-13,Engineering Hall,1196,13264,261,741.5,342,2785,28.1,64
2026-06-13,Central Library,1455,17541,176,902.1,317,2955,35.3,59
2026-06-13,Science Complex,1791,8949,212,1110.4,168,2078,38.5,81
2026-06-13,Student Union,1637,15200,260,1014.9,367,1552,36.5,45
2026-06-13,Innovation Tower,1293,15806,346,801.7,515,1468,38.4,55
2026-06-14,Engineering Hall,1011,10532,218,626.8,335,662,37.6,52
2026-06-14,Central Library,1459,10904,124,904.6,619,2924,29.7,82
2026-06-14,Science Complex,1399,15728,301,867.4,182,2409,31.5,72
2026-06-14,Student Union,1180,11422,236,731.6,170,1776,32.8,84
2026-06-14,Innovation Tower,1520,14436,227,942.4,469,1952,28.2,75
2026-06-15,Engineering Hall,1639,11120,363,1016.2,386,767,33.2,80
2026-06-15,Central Library,946,11158,201,586.5,537,808,34.5,77
2026-06-15,Science Complex,1015,12694,234,629.3,524,2422,36.5,78
2026-06-15,Student Union,1633,17287,166,1012.5,538,2639,37.4,50
2026-06-15,Innovation Tower,1486,8902,330,921.3,522,1373,37.1,71
2026-06-16,Engineering Hall,1124,10932,343,696.9,586,1729,32.8,60
2026-06-16,Central Library,1272,9443,363,788.6,638,2029,32.0,81
2026-06-16,Science Complex,1242,15517,290,770.0,511,1984,38.4,55
2026-06-16,Student Union,1534,14396,340,951.1,357,1798,29.7,66
2026-06-16,Innovation Tower,962,17542,373,596.4,309,1186,37.7,49
2026-06-17,Engineering Hall,1244,12632,211,771.3,337,2474,33.5,49
2026-06-17,Central Library,1255,13663,123,778.1,159,936,31.3,79
2026-06-17,Science Complex,1237,16769,316,766.9,187,1370,35.9,58
2026-06-17,Student Union,1690,8016,288,1047.8,554,2269,34.8,66
2026-06-17,Innovation Tower,954,12149,201,591.5,156,1245,33.1,81
2026-06-18,Engineering Hall,1364,8205,442,845.7,450,2047,38.9,65
2026-06-18,Central Library,1521,16082,173,943.0,445,828,34.7,81
2026-06-18,Science Complex,925,9524,310,573.5,622,989,37.3,67
2026-06-18,Student Union,1540,14287,329,954.8,338,984,37.0,49
2026-06-18,Innovation Tower,1350,10932,305,837.0,165,2219,29.7,78
2026-06-19,Engineering Hall,2600,10379,257,1612.0,271,1433,38.0,61
2026-06-19,Central Library,989,9794,222,613.2,182,1872,34.9,60
2026-06-19,Science Complex,913,11958,129,566.1,634,1209,37.9,49
2026-06-19,Student Union,973,16137,374,603.3,440,1866,34.1,52
2026-06-19,Innovation Tower,1481,16288,386,918.2,527,1834,37.7,83
2026-06-20,Engineering Hall,1360,16939,147,843.2,583,1575,35.8,47
2026-06-20,Central Library,1255,11343,220,778.1,277,2625,31.0,79
2026-06-20,Science Complex,1782,12174,323,1104.8,364,2910,38.2,50
2026-06-20,Student Union,944,16915,246,585.3,645,2367,36.1,54
2026-06-20,Innovation Tower,1444,15022,290,895.3,180,1641,35.8,80
2026-06-21,Engineering Hall,1218,16562,446,755.2,175,1632,35.8,64
2026-06-21,Central Library,1427,13257,165,884.7,254,2817,31.1,80
2026-06-21,Science Complex,1087,17362,298,673.9,624,2022,36.4,50
2026-06-21,Student Union,1299,14899,356,805.4,321,1794,36.7,83
2026-06-21,Innovation Tower,1251,16387,293,775.6,650,1629,37.9,56
2026-06-22,Engineering Hall,917,9301,133,568.5,368,2417,36.5,79
2026-06-22,Central Library,1082,9635,132,670.8,235,2446,29.9,62
2026-06-22,Science Complex,1210,10914,427,750.2,569,2922,36.9,65
2026-06-22,Student Union,1010,10949,384,626.2,438,2536,34.3,75
2026-06-22,Innovation Tower,1029,13115,254,638.0,292,2894,30.7,70
2026-06-23,Engineering Hall,1297,13158,325,804.1,519,1323,37.7,56
2026-06-23,Central Library,1292,8759,380,801.0,565,1311,29.8,50
2026-06-23,Science Complex,1187,13793,353,735.9,432,1099,29.6,67
2026-06-23,Student Union,1782,8338,242,1104.8,618,2074,33.7,79
2026-06-23,Innovation Tower,972,14271,296,602.6,491,2471,35.9,69
2026-06-24,Engineering Hall,1282,15806,336,794.8,275,1030,35.4,51
2026-06-24,Central Library,901,9743,304,558.6,623,1631,37.3,84
2026-06-24,Science Complex,1464,14027,213,907.7,527,1607,33.7,78
2026-06-24,Student Union,1780,13668,397,1103.6,399,2752,30.9,83
2026-06-24,Innovation Tower,1502,8232,162,931.2,580,2043,35.0,61
2026-06-25,Engineering Hall,1255,13661,397,778.1,362,883,32.5,62
2026-06-25,Central Library,1496,10386,421,927.5,420,2860,29.4,63
2026-06-25,Science Complex,1003,14039,275,621.9,632,2358,37.8,75
2026-06-25,Student Union,1790,9089,287,1109.8,277,789,32.3,70
2026-06-25,Innovation Tower,1185,14462,399,734.7,416,1084,37.4,46
2026-06-26,Engineering Hall,917,10854,407,568.5,192,1046,32.0,51
2026-06-26,Central Library,1045,16242,344,647.9,213,1115,30.5,59
2026-06-26,Science Complex,1773,16668,132,1099.3,348,2918,28.1,85
2026-06-26,Student Union,1660,8890,350,1029.2,340,1656,29.4,63
2026-06-26,Innovation Tower,1574,11668,242,975.9,485,2940,30.3,79
2026-06-27,Engineering Hall,1775,17730,427,1100.5,524,2056,34.2,61
2026-06-27,Central Library,1753,8477,351,1086.9,221,2901,33.9,67
2026-06-27,Science Complex,1375,15884,300,852.5,581,2814,34.3,74
2026-06-27,Student Union,1465,15180,203,908.3,643,917,34.0,71
2026-06-27,Innovation Tower,1378,14222,411,854.4,530,750,38.0,85
2026-06-28,Engineering Hall,1469,9183,137,910.8,387,1606,32.1,75
2026-06-28,Central Library,1485,12582,259,920.7,222,2941,32.3,74
2026-06-28,Science Complex,1317,15704,194,816.5,443,2508,36.1,62
2026-06-28,Student Union,1319,10226,271,817.8,605,2268,33.7,72
2026-06-28,Innovation Tower,964,15789,248,597.7,235,651,34.4,56
2026-06-29,Engineering Hall,1446,12094,149,896.5,282,1100,37.2,47
2026-06-29,Central Library,1679,12114,396,1041.0,176,591,35.7,85
2026-06-29,Science Complex,1326,8630,172,822.1,232,2412,35.6,46
2026-06-29,Student Union,1232,10942,388,763.8,200,1161,38.0,80
2026-06-29,Innovation Tower,1220,13349,389,756.4,356,2423,30.7,65
2026-06-30,Engineering Hall,1487,9019,144,921.9,323,1375,30.5,58
2026-06-30,Central Library,1652,11377,275,1024.2,432,2293,36.0,63
2026-06-30,Science Complex,1794,10924,227,1112.3,573,2581,32.4,58
2026-06-30,Student Union,1154,10447,301,715.5,327,1953,30.8,66
2026-06-30,Innovation Tower,1492,13799,170,925.0,413,1016,31.1,71
